A:
00011100
00111110
00110110
01100011
01111111
01100011
01100011
00000000

B:
00111111
01100011
01100011
00111111
01100011
01100011
00111111
00000000

C:
00111110
01100011
00000011
00000011
00000011
01100011
00111110
00000000

D:
00011111
00110011
01100011
01100011
01100011
00110011
00011111
00000000

E:
01111111
00000011
00000011
00011111
00000011
00000011
01111111
00000000

F:
01111111
00000011
00000011
00011111
00000011
00000011
00000011
00000000

G:
00111110
01100011
00000011
01110011
01100011
01100011
00111110
00000000

H:
01100011
01100011
01100011
01111111
01100011
01100011
01100011
00000000

I:
00111110
00001000
00001000
00001000
00001000
00001000
00111110
00000000

J:
01111000
00110000
00110000
00110000
00110000
00110110
00011100
00000000

K:
00110011
00011011
00001111
00000111
00001111
00011011
00110011
00000000

L:
00000011
00000011
00000011
00000011
00000011
00000011
00111111
00000000

M:
01100011
01110111
01111111
01101011
01100011
01100011
01100011
00000000

N:
01100011
01100111
01101111
01111011
01110011
01100011
01100011
00000000

O:
00111110
01100011
01100011
01100011
01100011
01100011
00111110
00000000

P:
00111111
01100011
01100011
00111111
00000011
00000011
00000011
00000000

Q:
00111110
01100011
01100011
01100011
01100011
00111110
01110000
00000000

R:
00111111
01100011
01100011
00111111
00011111
00111011
01110011
00000000

S:
00111110
01100011
00000011
00111110
01100000
01100011
00111110
00000000

T:
00111111
00001100
00001100
00001100
00001100
00001100
00001100
00000000

U:
01100011
01100011
01100011
01100011
01100011
01100011
00111110
00000000

V:
01100011
01100011
01100011
01100011
00110110
00011100
00001000
00000000

W:
01100011
01100011
01100011
01101011
01111111
01110111
01100011
00000000

X:
01000001
01100011
00111110
00011100
00111110
01100011
01000001
00000000

Y:
00110011
00110011
00110011
00011110
00001100
00001100
00001100
00000000

Z:
00111111
00110000
00011000
00001100
00000110
00111111
00000000

0:
00111110
01100011
01110011
01101011
01100111
01100011
00111110
00000000

1:
00001100
00001100
00001110
00001100
00001100
00001100
00111111
00000000

2:
00111110
01100011
01100000
00110000
00001100
00000011
01111111
00000000

3:
00111110
01100011
01100000
00111100
01100000
01100011
00111110
00000000

4:
00111000
00111100
00110110
00110011
01111111
00110000
00110000
00000000

5:
01111111
00000011
00111111
01100000
01100000
01100011
00111110
00000000

6:
00111110
01100011
00000011
00111111
01100011
01100011
00111110
00000000

7:
01111111
01100011
00110000
00011000
00011000
00011000
00011000
00000000

8:
00111110
01100011
01100011
00111110
01100011
01100011
00111110
00000000

9:
00111110
01100011
01100011
01111110
01100000
01100011
00111110
00000000

.:
00000000
00000000
00000000
00000000
00000000
00011000
00011000
00000000

,:
00000000
00000000
00000000
00000000
00011000
00011000
00001100
00000000

!:
00011000
00011000
00011000
00011000
00011000
00000000
00011000
00000000

":
01100110
01100110
01100110
00000000
00000000
00000000
00000000

#:
00100100
00100100
01111110
00100100
01111110
00100100
00100100
00000000

$:
00011000
01111110
00000011
00111110
01100000
00111111
00011000
00000000

(:
00011000
00001100
00000110
00000110
00000110
00001100
00011000
00000000

):
00001100
00011000
00110000
00110000
00110000
00011000
00001100
00000000

+:
00000000
00011000
00011000
01111110
01111110
00011000
00011000
00000000

-:
00000000
00000000
00000000
01111110
01111110
00000000
00000000
00000000

*:
00000000
01100110
00111100
01111110
00111100
01100110
00000000
00000000

/:
00000000
01100000
00110000
00011000
00001100
00000110
00000000

':
00001100
00001100
00001100
00000000
00000000
00000000
00000000
00000000

::
00000000
00011000
00011000
00000000
00000000
00011000
00011000
00000000

;:
00000000
00011000
00011000
00000000
00011000
00011000
00001100
00000000

=:
00000000
01111110
01111110
00000000
01111110
01111110
00000000
00000000

@:
00111110
01100011
01110011
01110011
00000011
01000011
00111110
00000000

?:
00111110
01000011
01110000
00011000
00001100
00000000
00001100
00000000

%:
00000000
01100011
00110011
00011000
00001100
01100110
01100011
00000000

^:
00011100
00110110
01100011
00000000
00000000
00000000
00000000
00000000

space:
00000000
00000000
00000000
00000000
00000000
00000000
00000000
00000000

cursor:
11111110
11111110
11111110
11111110
11111110
11111110
11111110
00000000

filled in:
11111111
11111111
11111111
11111111
11111111
11111111
11111111
11111111
